t	rad	xerr	yerr
0.000	0.261	0.005	0.009
0.067	0.246	0.005	0.009
0.133	0.208	0.005	0.009
0.200	0.148	0.005	0.009
0.267	0.073	0.005	0.009
0.333	-0.015	0.005	0.009
0.400	-0.098	0.005	0.009
0.467	-0.168	0.005	0.009
0.533	-0.222	0.005	0.009
0.600	-0.248	0.005	0.009
0.667	-0.249	0.005	0.009
0.733	-0.223	0.005	0.009
0.800	-0.168	0.005	0.009
0.867	-0.101	0.005	0.009
0.933	-0.016	0.005	0.009
1.000	0.065	0.005	0.009
1.067	0.142	0.005	0.009
1.133	0.204	0.005	0.009
1.200	0.244	0.005	0.009
1.267	0.261	0.005	0.009
1.333	0.241	0.005	0.009
1.400	0.202	0.005	0.009
1.467	0.138	0.005	0.009
1.533	0.062	0.005	0.009
1.600	-0.022	0.005	0.009
1.667	-0.103	0.005	0.009
1.733	-0.171	0.005	0.009
1.800	-0.222	0.005	0.009
1.867	-0.247	0.005	0.009
1.933	-0.247	0.005	0.009
2.000	-0.219	0.005	0.009
2.067	-0.166	0.005	0.009
2.133	-0.090	0.005	0.009
2.200	-0.013	0.005	0.009
2.267	0.071	0.005	0.009
2.333	0.149	0.005	0.009
2.400	0.205	0.005	0.009
2.467	0.244	0.005	0.009
2.533	0.251	0.005	0.009
2.600	0.237	0.005	0.009
2.667	0.191	0.005	0.009
2.733	0.130	0.005	0.009
2.800	0.056	0.005	0.009
2.867	-0.030	0.005	0.009
2.933	-0.109	0.005	0.009
3.000	-0.176	0.005	0.009
3.067	-0.222	0.005	0.009
3.133	-0.244	0.005	0.009
3.200	-0.242	0.005	0.009
3.267	-0.208	0.005	0.009
3.333	-0.154	0.005	0.009
3.400	-0.084	0.005	0.009
3.467	-0.039	0.005	0.009
3.533	0.081	0.005	0.009
3.600	0.152	0.005	0.009
3.667	0.209	0.005	0.009
3.733	0.245	0.005	0.009
3.800	0.251	0.005	0.009
3.867	0.230	0.005	0.009
3.933	0.187	0.005	0.009
4.000	0.122	0.005	0.009
4.067	0.048	0.005	0.009
4.133	-0.036	0.005	0.009
4.200	-0.112	0.005	0.009
4.267	-0.179	0.005	0.009
4.333	-0.224	0.005	0.009
4.400	-0.243	0.005	0.009
4.467	-0.237	0.005	0.009
4.533	-0.201	0.005	0.009
4.600	-0.147	0.005	0.009
4.667	-0.074	0.005	0.009
4.733	0.010	0.005	0.009
4.800	0.085	0.005	0.009
4.867	0.156	0.005	0.009
4.933	0.208	0.005	0.009
5.000	0.239	0.005	0.009
5.067	0.249	0.005	0.009
5.133	0.221	0.005	0.009
5.200	0.178	0.005	0.009
5.267	0.116	0.005	0.009
5.333	0.038	0.005	0.009
5.400	-0.043	0.005	0.009
5.467	-0.117	0.005	0.009
5.533	-0.182	0.005	0.009
5.600	-0.225	0.005	0.009
5.667	-0.241	0.005	0.009
5.733	-0.232	0.005	0.009
5.800	-0.199	0.005	0.009
5.867	-0.141	0.005	0.009
5.933	-0.064	0.005	0.009
6.000	0.014	0.005	0.009
6.067	0.094	0.005	0.009
6.133	0.162	0.005	0.009
6.200	0.214	0.005	0.009
6.267	0.238	0.005	0.009
6.333	0.241	0.005	0.009
6.400	0.219	0.005	0.009
6.467	0.168	0.005	0.009
6.533	0.104	0.005	0.009
6.600	0.027	0.005	0.009
6.667	-0.048	0.005	0.009
6.733	-0.123	0.005	0.009
6.800	-0.184	0.005	0.009
6.867	-0.223	0.005	0.009
6.933	-0.238	0.005	0.009
7.000	-0.225	0.005	0.009
7.067	-0.187	0.005	0.009
7.133	-0.130	0.005	0.009
7.200	-0.057	0.005	0.009
7.267	0.022	0.005	0.009
7.333	0.099	0.005	0.009
7.400	0.164	0.005	0.009
7.467	0.212	0.005	0.009
7.533	0.238	0.005	0.009
7.600	0.235	0.005	0.009
7.667	0.213	0.005	0.009
7.733	0.162	0.005	0.009
7.800	0.096	0.005	0.009
7.867	0.023	0.005	0.009
7.933	-0.058	0.005	0.009
8.000	-0.127	0.005	0.009
8.067	-0.188	0.005	0.009
8.133	-0.225	0.005	0.009
8.200	-0.238	0.005	0.009
8.267	-0.221	0.005	0.009
8.333	-0.184	0.005	0.009
8.400	-0.125	0.005	0.009
8.467	-0.050	0.005	0.009
8.533	0.032	0.005	0.009
8.600	0.109	0.005	0.009
8.667	0.169	0.005	0.009
8.733	0.213	0.005	0.009
8.800	0.235	0.005	0.009
8.867	0.237	0.005	0.009
8.933	0.203	0.005	0.009
9.000	0.154	0.005	0.009
9.067	0.087	0.005	0.009
9.133	0.013	0.005	0.009
9.200	-0.066	0.005	0.009
9.267	-0.135	0.005	0.009
9.333	-0.188	0.005	0.009
9.400	-0.210	0.005	0.009
9.467	-0.234	0.005	0.009
9.533	-0.217	0.005	0.009
9.600	-0.175	0.005	0.009
9.667	-0.114	0.005	0.009
9.733	-0.040	0.005	0.009
9.800	0.040	0.005	0.009
9.867	0.112	0.005	0.009
9.933	0.172	0.005	0.009
10.000	0.213	0.005	0.009
10.067	0.235	0.005	0.009
10.133	0.229	0.005	0.009
10.200	0.195	0.005	0.009
10.267	0.145	0.005	0.009
10.333	0.076	0.005	0.009
10.400	0.003	0.005	0.009
10.467	-0.070	0.005	0.009
10.533	-0.139	0.005	0.009
10.600	-0.192	0.005	0.009
10.667	-0.225	0.005	0.009
10.733	-0.230	0.005	0.009
10.800	-0.210	0.005	0.009
10.867	-0.168	0.005	0.009
10.933	-0.104	0.005	0.009
11.000	-0.033	0.005	0.009
11.067	0.044	0.005	0.009
11.133	0.118	0.005	0.009
11.200	0.175	0.005	0.009
11.267	0.213	0.005	0.009
11.333	0.231	0.005	0.009
11.400	0.222	0.005	0.009
11.467	0.191	0.005	0.009
11.533	0.138	0.005	0.009
11.600	0.069	0.005	0.009
11.667	-0.002	0.005	0.009
11.733	-0.079	0.005	0.009
11.800	-0.145	0.005	0.009
11.867	-0.195	0.005	0.009
11.933	-0.223	0.005	0.009
12.000	-0.225	0.005	0.009
12.067	-0.204	0.005	0.009
12.133	-0.161	0.005	0.009
12.200	-0.096	0.005	0.009
12.267	-0.020	0.005	0.009
12.333	0.052	0.005	0.009
12.400	0.124	0.005	0.009
12.467	0.179	0.005	0.009
12.533	0.217	0.005	0.009
12.600	0.234	0.005	0.009
12.667	0.218	0.005	0.009
12.733	0.186	0.005	0.009
12.800	0.133	0.005	0.009
12.867	0.065	0.005	0.009
12.933	-0.009	0.005	0.009
13.000	-0.086	0.005	0.009
13.067	-0.150	0.005	0.009
13.133	-0.198	0.005	0.009
13.200	-0.221	0.005	0.009
13.267	-0.222	0.005	0.009
13.333	-0.196	0.005	0.009
13.400	-0.148	0.005	0.009
13.467	-0.085	0.005	0.009
13.533	-0.013	0.005	0.009
13.600	0.062	0.005	0.009
13.667	0.129	0.005	0.009
13.733	0.182	0.005	0.009
13.800	0.217	0.005	0.009
13.867	0.227	0.005	0.009
13.933	0.212	0.005	0.009
14.000	0.176	0.005	0.009
14.067	0.122	0.005	0.009
14.133	0.055	0.005	0.009
14.200	-0.019	0.005	0.009
14.267	-0.092	0.005	0.009
14.333	-0.152	0.005	0.009
14.400	-0.196	0.005	0.009
14.467	-0.218	0.005	0.009
14.533	-0.216	0.005	0.009
14.600	-0.189	0.005	0.009
14.667	-0.141	0.005	0.009
14.733	-0.076	0.005	0.009
14.800	-0.005	0.005	0.009
14.867	0.070	0.005	0.009
14.933	0.134	0.005	0.009
15.000	0.183	0.005	0.009
15.067	0.215	0.005	0.009
15.133	0.224	0.005	0.009
15.200	0.208	0.005	0.009
15.267	0.168	0.005	0.009
15.333	0.141	0.005	0.009
15.400	0.045	0.005	0.009
15.467	-0.028	0.005	0.009
15.533	-0.097	0.005	0.009
15.600	-0.156	0.005	0.009
15.667	-0.199	0.005	0.009
15.733	-0.217	0.005	0.009
15.800	-0.212	0.005	0.009
15.867	-0.183	0.005	0.009
15.933	-0.134	0.005	0.009
16.000	-0.069	0.005	0.009
16.067	0.004	0.005	0.009
16.133	0.076	0.005	0.009
16.200	0.138	0.005	0.009
16.267	0.188	0.005	0.009
16.333	0.217	0.005	0.009
16.400	0.224	0.005	0.009
16.467	0.200	0.005	0.009
16.533	0.161	0.005	0.009
16.600	0.105	0.005	0.009
16.667	0.037	0.005	0.009
16.733	-0.037	0.005	0.009
16.800	-0.103	0.005	0.009
16.867	-0.159	0.005	0.009
16.933	-0.199	0.005	0.009
17.000	-0.213	0.005	0.009
17.067	-0.206	0.005	0.009
17.133	-0.174	0.005	0.009
17.200	-0.121	0.005	0.009
17.267	-0.058	0.005	0.009
17.333	0.014	0.005	0.009
17.400	0.083	0.005	0.009
17.467	0.146	0.005	0.009
17.533	0.188	0.005	0.009
17.600	0.213	0.005	0.009
17.667	0.216	0.005	0.009
17.733	0.193	0.005	0.009
17.800	0.153	0.005	0.009
17.868	0.095	0.005	0.009
17.935	0.026	0.005	0.009
18.002	-0.043	0.005	0.009
18.068	-0.108	0.005	0.009
18.135	-0.165	0.005	0.009
18.202	-0.198	0.005	0.009
18.268	-0.214	0.005	0.009
18.335	-0.199	0.005	0.009
18.402	-0.167	0.005	0.009
18.468	-0.113	0.005	0.009
18.535	-0.048	0.005	0.009
18.602	0.020	0.005	0.009
18.668	0.091	0.005	0.009
18.735	0.148	0.005	0.009
18.802	0.191	0.005	0.009
18.868	0.212	0.005	0.009
18.935	0.211	0.005	0.009
19.002	0.186	0.005	0.009
19.068	0.144	0.005	0.009
19.135	0.087	0.005	0.009
19.202	0.018	0.005	0.009
19.268	-0.054	0.005	0.009
19.335	-0.113	0.005	0.009
19.402	-0.165	0.005	0.009
19.468	-0.198	0.005	0.009
19.535	-0.209	0.005	0.009
19.602	-0.194	0.005	0.009
19.668	-0.159	0.005	0.009
19.735	-0.106	0.005	0.009
19.802	-0.040	0.005	0.009
19.868	0.030	0.005	0.009
19.935	0.095	0.005	0.009
20.002	0.153	0.005	0.009
20.068	0.191	0.005	0.009
20.135	0.212	0.005	0.009
20.202	0.206	0.005	0.009
20.268	0.180	0.005	0.009
20.335	0.135	0.005	0.009
20.402	0.077	0.005	0.009
20.468	0.010	0.005	0.009
20.535	-0.059	0.005	0.009
20.602	-0.121	0.005	0.009
20.668	-0.168	0.005	0.009
20.735	-0.199	0.005	0.009
20.802	-0.205	0.005	0.009
20.868	-0.188	0.005	0.009
20.935	-0.148	0.005	0.009
21.002	-0.094	0.005	0.009
21.068	-0.027	0.005	0.009
21.135	0.042	0.005	0.009
21.202	0.107	0.005	0.009
21.268	0.136	0.005	0.009
21.335	0.198	0.005	0.009
21.402	0.214	0.005	0.009
21.468	0.206	0.005	0.009
21.535	0.178	0.005	0.009
21.602	0.134	0.005	0.009
21.668	0.072	0.005	0.009
21.735	0.005	0.005	0.009
21.802	-0.062	0.005	0.009
21.868	-0.122	0.005	0.009
21.935	-0.168	0.005	0.009
22.002	-0.195	0.005	0.009
22.068	-0.199	0.005	0.009
22.135	-0.178	0.005	0.009
22.202	-0.140	0.005	0.009
22.268	-0.083	0.005	0.009
22.335	-0.018	0.005	0.009
22.402	0.050	0.005	0.009
22.468	0.114	0.005	0.009
22.535	0.165	0.005	0.009
22.602	0.198	0.005	0.009
22.668	0.209	0.005	0.009
22.735	0.202	0.005	0.009
22.802	0.171	0.005	0.009
22.868	0.125	0.005	0.009
22.935	0.063	0.005	0.009
23.002	-0.001	0.005	0.009
23.068	-0.067	0.005	0.009
23.135	-0.126	0.005	0.009
23.202	-0.170	0.005	0.009
23.268	-0.192	0.005	0.009
23.335	-0.193	0.005	0.009
23.402	-0.173	0.005	0.009
23.468	-0.132	0.005	0.009
23.535	-0.075	0.005	0.009
23.602	-0.010	0.005	0.009
23.668	0.056	0.005	0.009
23.735	0.118	0.005	0.009
23.802	0.167	0.005	0.009
23.868	0.199	0.005	0.009
23.935	0.208	0.005	0.009
24.002	0.189	0.005	0.009
24.068	0.158	0.005	0.009
24.135	0.111	0.005	0.009
24.202	0.047	0.005	0.009
24.268	-0.016	0.005	0.009
24.335	-0.084	0.005	0.009
24.402	-0.137	0.005	0.009
24.468	-0.177	0.005	0.009
24.535	-0.200	0.005	0.009
24.602	-0.193	0.005	0.009
24.668	-0.173	0.005	0.009
24.735	-0.128	0.005	0.009
24.802	-0.072	0.005	0.009
24.868	-0.008	0.005	0.009
24.935	0.059	0.005	0.009
25.002	0.115	0.005	0.009
25.068	0.164	0.005	0.009
25.135	0.191	0.005	0.009
25.202	0.197	0.005	0.009
25.268	0.181	0.005	0.009
25.335	0.148	0.005	0.009
25.402	0.097	0.005	0.009
25.468	0.038	0.005	0.009
25.535	-0.026	0.005	0.009
25.602	-0.091	0.005	0.009
25.668	-0.143	0.005	0.009
25.735	-0.179	0.005	0.009
25.802	-0.195	0.005	0.009
25.868	-0.189	0.005	0.009
25.935	-0.163	0.005	0.009
26.002	-0.117	0.005	0.009
26.068	-0.059	0.005	0.009
26.135	0.006	0.005	0.009
26.202	0.067	0.005	0.009
26.268	0.122	0.005	0.009
26.335	0.166	0.005	0.009
26.402	0.191	0.005	0.009
26.468	0.193	0.005	0.009
26.535	0.175	0.005	0.009
26.602	0.141	0.005	0.009
26.668	0.087	0.005	0.009
26.735	0.028	0.005	0.009
26.802	-0.041	0.005	0.009
26.868	-0.102	0.005	0.009
26.935	-0.150	0.005	0.009
27.002	-0.180	0.005	0.009
27.068	-0.189	0.005	0.009
27.135	-0.183	0.005	0.009
27.202	-0.171	0.005	0.009
27.268	-0.106	0.005	0.009
27.335	-0.046	0.005	0.009
27.402	0.019	0.005	0.009
27.468	0.077	0.005	0.009
27.535	0.129	0.005	0.009
27.602	0.167	0.005	0.009
27.668	0.187	0.005	0.009
27.735	0.184	0.005	0.009
27.802	0.165	0.005	0.009
27.868	0.124	0.005	0.009
27.935	0.074	0.005	0.009
28.002	0.010	0.005	0.009
28.068	-0.053	0.005	0.009
28.135	-0.110	0.005	0.009
28.202	-0.155	0.005	0.009
28.268	-0.183	0.005	0.009
28.335	-0.190	0.005	0.009
28.402	-0.173	0.005	0.009
28.468	-0.145	0.005	0.009
28.535	-0.093	0.005	0.009
28.602	-0.034	0.005	0.009
28.668	0.028	0.005	0.009
28.735	0.086	0.005	0.009
28.802	0.136	0.005	0.009
28.868	0.173	0.005	0.009
28.935	0.188	0.005	0.009
29.002	0.184	0.005	0.009
29.068	0.161	0.005	0.009
29.135	0.117	0.005	0.009
29.202	0.065	0.005	0.009
29.268	0.003	0.005	0.009
29.335	-0.060	0.005	0.009
29.402	-0.113	0.005	0.009
29.468	-0.159	0.005	0.009
29.535	-0.181	0.005	0.009
29.602	-0.186	0.005	0.009
29.668	-0.168	0.005	0.009
29.735	-0.132	0.005	0.009
29.802	-0.084	0.005	0.009
29.868	-0.024	0.005	0.009
29.935	0.036	0.005	0.009
30.002	0.095	0.005	0.009
30.068	0.142	0.005	0.009
30.135	0.173	0.005	0.009
30.202	0.188	0.005	0.009
30.268	0.180	0.005	0.009
30.335	0.156	0.005	0.009
30.402	0.111	0.005	0.009
30.468	0.053	0.005	0.009
30.535	-0.005	0.005	0.009
30.602	-0.068	0.005	0.009
30.668	-0.118	0.005	0.009
30.735	-0.161	0.005	0.009
30.802	-0.184	0.005	0.009
30.868	-0.181	0.005	0.009
30.935	-0.165	0.005	0.009
31.002	-0.126	0.005	0.009
31.068	-0.074	0.005	0.009
31.135	-0.016	0.005	0.009
31.202	0.047	0.005	0.009
31.268	0.099	0.005	0.009
31.335	0.147	0.005	0.009
31.402	0.176	0.005	0.009
31.468	0.184	0.005	0.009
31.535	0.176	0.005	0.009
31.602	0.145	0.005	0.009
31.668	0.101	0.005	0.009
31.735	0.046	0.005	0.009
31.802	-0.014	0.005	0.009
31.868	-0.073	0.005	0.009
31.935	-0.129	0.005	0.009
32.002	-0.163	0.005	0.009
32.068	-0.184	0.005	0.009
32.135	-0.180	0.005	0.009
32.202	-0.157	0.005	0.009
32.268	-0.121	0.005	0.009
32.335	-0.065	0.005	0.009
32.402	-0.008	0.005	0.009
32.468	0.052	0.005	0.009
32.535	0.107	0.005	0.009
32.602	0.148	0.005	0.009
32.668	0.177	0.005	0.009
32.735	0.183	0.005	0.009
32.802	0.173	0.005	0.009
32.868	0.140	0.005	0.009
32.935	0.096	0.005	0.009
33.002	0.040	0.005	0.009
33.068	-0.023	0.005	0.009
33.135	-0.053	0.005	0.009
33.202	-0.131	0.005	0.009
33.268	-0.165	0.005	0.009
33.335	-0.181	0.005	0.009
33.402	-0.177	0.005	0.009
33.468	-0.153	0.005	0.009
33.535	-0.112	0.005	0.009
33.602	-0.058	0.005	0.009
33.668	0.004	0.005	0.009
33.735	0.060	0.005	0.009
33.802	0.113	0.005	0.009
33.868	0.154	0.005	0.009
33.935	0.178	0.005	0.009
34.002	0.183	0.005	0.009
34.068	0.168	0.005	0.009
34.135	0.135	0.005	0.009
34.202	0.087	0.005	0.009
34.268	0.031	0.005	0.009
34.335	-0.030	0.005	0.009
34.402	-0.087	0.005	0.009
34.468	-0.136	0.005	0.009
34.535	-0.168	0.005	0.009
34.602	-0.178	0.005	0.009
34.668	-0.170	0.005	0.009
34.735	-0.144	0.005	0.009
34.802	-0.102	0.005	0.009
34.868	-0.047	0.005	0.009
34.935	0.014	0.005	0.009
35.002	0.069	0.005	0.009
35.068	0.120	0.005	0.009
35.135	0.159	0.005	0.009
35.202	0.180	0.005	0.009
35.268	0.182	0.005	0.009
35.335	0.164	0.005	0.009
35.402	0.128	0.005	0.009
35.468	0.079	0.005	0.009
35.535	0.021	0.005	0.009
35.602	-0.037	0.005	0.009
35.668	-0.095	0.005	0.009
35.735	-0.136	0.005	0.009
35.802	-0.170	0.005	0.009
35.868	-0.179	0.005	0.009
35.935	-0.167	0.005	0.009
36.002	-0.137	0.005	0.009
36.068	-0.091	0.005	0.009
36.135	-0.039	0.005	0.009
36.202	0.020	0.005	0.009
36.268	0.077	0.005	0.009
36.335	0.125	0.005	0.009
36.402	0.159	0.005	0.009
36.468	0.179	0.005	0.009
36.535	0.179	0.005	0.009
36.602	0.157	0.005	0.009
36.668	0.121	0.005	0.009
36.735	0.072	0.005	0.009
36.802	0.012	0.005	0.009
36.868	-0.044	0.005	0.009
36.935	-0.102	0.005	0.009
37.002	-0.141	0.005	0.009
37.068	-0.168	0.005	0.009
37.135	-0.175	0.005	0.009
37.202	-0.161	0.005	0.009
37.268	-0.133	0.005	0.009
37.335	-0.083	0.005	0.009
37.402	-0.029	0.005	0.009
37.468	0.028	0.005	0.009
37.535	0.086	0.005	0.009
37.602	0.131	0.005	0.009
37.668	0.165	0.005	0.009
37.735	0.179	0.005	0.009
37.802	0.174	0.005	0.009
37.868	0.151	0.005	0.009
37.935	0.111	0.005	0.009
38.002	0.063	0.005	0.009
38.068	0.004	0.005	0.009
38.135	-0.054	0.005	0.009
38.202	-0.107	0.005	0.009
38.268	-0.147	0.005	0.009
38.335	-0.170	0.005	0.009
38.402	-0.175	0.005	0.009
38.468	-0.156	0.005	0.009
38.535	-0.125	0.005	0.009
38.602	-0.079	0.005	0.009
38.668	-0.023	0.005	0.009
38.735	0.035	0.005	0.009
38.802	0.090	0.005	0.009
38.868	0.137	0.005	0.009
38.935	0.166	0.005	0.009
39.002	0.178	0.005	0.009
39.068	0.176	0.005	0.009
39.135	0.146	0.005	0.009
39.202	0.104	0.005	0.009
39.268	0.053	0.005	0.009
39.335	-0.004	0.005	0.009
39.402	-0.063	0.005	0.009
39.468	-0.111	0.005	0.009
39.535	-0.150	0.005	0.009
39.602	-0.169	0.005	0.009
39.668	-0.169	0.005	0.009
39.735	-0.152	0.005	0.009
39.802	-0.117	0.005	0.009
39.868	-0.069	0.005	0.009
39.935	-0.014	0.005	0.009
40.002	0.043	0.005	0.009
40.068	0.096	0.005	0.009
40.135	0.139	0.005	0.009
40.202	0.168	0.005	0.009
40.268	0.177	0.005	0.009
40.335	0.167	0.005	0.009
40.402	0.139	0.005	0.009
40.468	0.096	0.005	0.009
40.535	0.042	0.005	0.009
40.602	-0.014	0.005	0.009
40.668	-0.069	0.005	0.009
40.735	-0.120	0.005	0.009
40.802	-0.153	0.005	0.009
40.868	-0.169	0.005	0.009
40.935	-0.167	0.005	0.009
41.002	-0.146	0.005	0.009
41.068	-0.110	0.005	0.009
41.135	-0.060	0.005	0.009
41.202	-0.004	0.005	0.009
41.268	0.053	0.005	0.009
41.335	0.103	0.005	0.009
41.402	0.143	0.005	0.009
41.468	0.169	0.005	0.009
41.535	0.176	0.005	0.009
41.602	0.162	0.005	0.009
41.668	0.132	0.005	0.009
41.735	0.087	0.005	0.009
41.802	0.036	0.005	0.009
41.868	-0.022	0.005	0.009
41.935	-0.077	0.005	0.009
42.002	-0.123	0.005	0.009
42.068	-0.154	0.005	0.009
42.135	-0.169	0.005	0.009
42.202	-0.165	0.005	0.009
42.268	-0.140	0.005	0.009
42.335	-0.104	0.005	0.009
42.402	-0.054	0.005	0.009
42.468	0.004	0.005	0.009
42.535	0.059	0.005	0.009
42.602	0.110	0.005	0.009
42.668	0.147	0.005	0.009
42.735	0.169	0.005	0.009
42.802	0.174	0.005	0.009
42.868	0.157	0.005	0.009
42.935	0.128	0.005	0.009
43.002	0.082	0.005	0.009
43.068	0.027	0.005	0.009
43.135	-0.029	0.005	0.009
43.202	-0.083	0.005	0.009
43.268	-0.126	0.005	0.009
43.335	-0.156	0.005	0.009
43.402	-0.168	0.005	0.009
43.468	-0.158	0.005	0.009
43.535	-0.135	0.005	0.009
43.602	-0.094	0.005	0.009
43.668	-0.042	0.005	0.009
43.735	0.014	0.005	0.009
43.802	0.068	0.005	0.009
43.868	0.115	0.005	0.009
43.935	0.151	0.005	0.009
44.002	0.169	0.005	0.009
44.068	0.170	0.005	0.009
44.135	0.151	0.005	0.009
44.202	0.118	0.005	0.009
44.268	0.075	0.005	0.009
44.335	0.018	0.005	0.009
44.402	-0.037	0.005	0.009
44.468	-0.089	0.005	0.009
44.535	-0.132	0.005	0.009
44.602	-0.157	0.005	0.009
44.668	-0.167	0.005	0.009
44.735	-0.154	0.005	0.009
44.802	-0.129	0.005	0.009
44.868	-0.085	0.005	0.009
44.935	-0.034	0.005	0.009
45.002	-0.006	0.005	0.009
45.068	0.074	0.005	0.009
45.135	0.120	0.005	0.009
45.202	0.152	0.005	0.009
45.268	0.169	0.005	0.009
45.335	0.167	0.005	0.009
45.402	0.146	0.005	0.009
45.468	0.110	0.005	0.009
45.535	0.064	0.005	0.009
45.602	0.010	0.005	0.009
45.668	-0.044	0.005	0.009
45.735	-0.095	0.005	0.009
45.802	-0.136	0.005	0.009
45.868	-0.158	0.005	0.009
45.935	-0.164	0.005	0.009
46.002	-0.152	0.005	0.009
46.068	-0.122	0.005	0.009
46.135	-0.079	0.005	0.009
46.202	-0.026	0.005	0.009
46.268	0.030	0.005	0.009
46.335	0.081	0.005	0.009
46.402	0.126	0.005	0.009
46.468	0.156	0.005	0.009
46.535	0.168	0.005	0.009
46.602	0.165	0.005	0.009
46.668	0.141	0.005	0.009
46.735	0.104	0.005	0.009
46.802	0.055	0.005	0.009
46.868	0.001	0.005	0.009
46.935	-0.055	0.005	0.009
47.002	-0.102	0.005	0.009
47.068	-0.139	0.005	0.009
47.135	-0.162	0.005	0.009
47.202	-0.163	0.005	0.009
47.268	-0.148	0.005	0.009
47.335	-0.116	0.005	0.009
47.402	-0.069	0.005	0.009
47.468	-0.019	0.005	0.009
47.535	0.039	0.005	0.009
47.602	0.089	0.005	0.009
47.668	0.129	0.005	0.009
47.735	0.157	0.005	0.009
47.802	0.167	0.005	0.009
47.868	0.159	0.005	0.009
47.935	0.136	0.005	0.009
48.002	0.095	0.005	0.009
48.068	0.048	0.005	0.009
48.135	-0.008	0.005	0.009
48.202	-0.060	0.005	0.009
48.268	-0.106	0.005	0.009
48.335	-0.142	0.005	0.009
48.402	-0.161	0.005	0.009
48.468	-0.161	0.005	0.009
48.535	-0.142	0.005	0.009
48.602	-0.107	0.005	0.009
48.668	-0.062	0.005	0.009
48.735	-0.009	0.005	0.009
48.802	0.045	0.005	0.009
48.868	0.095	0.005	0.009
48.935	0.135	0.005	0.009
49.002	0.159	0.005	0.009
49.068	0.167	0.005	0.009
49.135	0.158	0.005	0.009
49.202	0.129	0.005	0.009
49.268	0.089	0.005	0.009
49.335	0.038	0.005	0.009
49.402	-0.016	0.005	0.009
49.468	-0.069	0.005	0.009
49.535	-0.113	0.005	0.009
49.602	-0.145	0.005	0.009
49.668	-0.160	0.005	0.009
49.737	-0.156	0.005	0.009
49.803	-0.136	0.005	0.009
49.870	-0.099	0.005	0.009
49.937	-0.052	0.005	0.009
50.003	-0.001	0.005	0.009
50.070	0.053	0.005	0.009
50.137	0.101	0.005	0.009
50.203	0.139	0.005	0.009
50.270	0.160	0.005	0.009
50.337	0.165	0.005	0.009
50.403	0.151	0.005	0.009
50.470	0.123	0.005	0.009
50.537	0.080	0.005	0.009
50.603	0.030	0.005	0.009
50.670	-0.024	0.005	0.009
50.737	-0.074	0.005	0.009
50.803	-0.117	0.005	0.009
50.870	-0.133	0.005	0.009
50.937	-0.160	0.005	0.009
51.003	-0.152	0.005	0.009
51.070	-0.129	0.005	0.009
51.137	-0.092	0.005	0.009
51.203	-0.044	0.005	0.009
51.270	0.010	0.005	0.009
51.337	0.061	0.005	0.009
51.403	0.107	0.005	0.009
51.470	0.140	0.005	0.009
51.537	0.160	0.005	0.009
51.603	0.162	0.005	0.009
51.670	0.149	0.005	0.009
51.737	0.117	0.005	0.009
51.803	0.072	0.005	0.009
51.870	0.021	0.005	0.009
51.937	-0.033	0.005	0.009
52.003	-0.084	0.005	0.009
52.070	-0.122	0.005	0.009
52.137	-0.148	0.005	0.009
52.203	-0.158	0.005	0.009
52.270	-0.149	0.005	0.009
52.337	-0.122	0.005	0.009
52.403	-0.082	0.005	0.009
52.470	-0.035	0.005	0.009
52.537	0.018	0.005	0.009
52.603	0.068	0.005	0.009
52.670	0.112	0.005	0.009
52.737	0.144	0.005	0.009
52.803	0.160	0.005	0.009
52.870	0.160	0.005	0.009
52.937	0.142	0.005	0.009
53.003	0.107	0.005	0.009
53.070	0.064	0.005	0.009
53.137	0.013	0.005	0.009
53.203	-0.041	0.005	0.009
53.270	-0.088	0.005	0.009
53.337	-0.126	0.005	0.009
53.403	-0.150	0.005	0.009
53.470	-0.155	0.005	0.009
53.537	-0.143	0.005	0.009
53.603	-0.115	0.005	0.009
53.670	-0.073	0.005	0.009
53.737	-0.025	0.005	0.009
53.803	0.025	0.005	0.009
53.870	0.077	0.005	0.009
53.937	0.118	0.005	0.009
54.003	0.148	0.005	0.009
54.070	0.162	0.005	0.009
54.137	0.156	0.005	0.009
54.203	0.136	0.005	0.009
54.270	0.101	0.005	0.009
54.337	0.054	0.005	0.009
54.403	0.004	0.005	0.009
54.470	-0.049	0.005	0.009
54.537	-0.092	0.005	0.009
54.603	-0.129	0.005	0.009
54.670	-0.151	0.005	0.009
54.737	-0.155	0.005	0.009
54.803	-0.140	0.005	0.009
54.870	-0.109	0.005	0.009
54.937	-0.068	0.005	0.009
55.003	-0.018	0.005	0.009
55.070	0.032	0.005	0.009
55.137	0.081	0.005	0.009
55.203	0.121	0.005	0.009
55.270	0.146	0.005	0.009
55.337	0.159	0.005	0.009
55.403	0.151	0.005	0.009
55.470	0.130	0.005	0.009
55.537	0.093	0.005	0.009
55.603	0.048	0.005	0.009
55.670	-0.005	0.005	0.009
55.737	-0.055	0.005	0.009
55.803	-0.100	0.005	0.009
55.870	-0.131	0.005	0.009
55.937	-0.150	0.005	0.009
56.003	-0.150	0.005	0.009
56.070	-0.135	0.005	0.009
56.137	-0.103	0.005	0.009
56.203	-0.059	0.005	0.009
56.270	-0.010	0.005	0.009
56.337	0.041	0.005	0.009
56.403	0.090	0.005	0.009
56.470	0.126	0.005	0.009
56.537	0.151	0.005	0.009
56.603	0.159	0.005	0.009
56.670	0.149	0.005	0.009
56.737	0.126	0.005	0.009
56.803	0.106	0.005	0.009
56.870	0.039	0.005	0.009
56.937	-0.012	0.005	0.009
57.003	-0.060	0.005	0.009
57.070	-0.104	0.005	0.009
57.137	-0.135	0.005	0.009
57.203	-0.149	0.005	0.009
57.270	-0.146	0.005	0.009
57.337	-0.127	0.005	0.009
57.403	-0.094	0.005	0.009
57.470	-0.050	0.005	0.009
57.537	-0.001	0.005	0.009
57.603	0.049	0.005	0.009
57.670	0.095	0.005	0.009
57.737	0.130	0.005	0.009
57.803	0.150	0.005	0.009
57.870	0.157	0.005	0.009
57.937	0.144	0.005	0.009
58.003	0.117	0.005	0.009
58.070	0.076	0.005	0.009
58.137	0.029	0.005	0.009
58.203	-0.021	0.005	0.009
58.270	-0.069	0.005	0.009
58.337	-0.109	0.005	0.009
58.403	-0.137	0.005	0.009
58.470	-0.151	0.005	0.009
58.537	-0.142	0.005	0.009
58.603	-0.122	0.005	0.009
58.670	-0.086	0.005	0.009
58.737	-0.041	0.005	0.009
58.803	0.008	0.005	0.009
58.870	0.057	0.005	0.009
58.937	0.099	0.005	0.009
59.003	0.134	0.005	0.009
59.070	0.150	0.005	0.009
59.137	0.152	0.005	0.009
59.203	0.138	0.005	0.009
59.270	0.108	0.005	0.009
59.337	0.067	0.005	0.009
59.403	0.019	0.005	0.009
59.470	-0.030	0.005	0.009
59.537	-0.076	0.005	0.009
59.603	-0.114	0.005	0.009
59.670	-0.138	0.005	0.009
59.737	-0.149	0.005	0.009
59.803	-0.139	0.005	0.009
59.870	-0.116	0.005	0.009
59.937	-0.077	0.005	0.009
60.003	-0.033	0.005	0.009
60.070	0.015	0.005	0.009
60.137	0.064	0.005	0.009
60.203	0.105	0.005	0.009
60.270	0.135	0.005	0.009
60.337	0.151	0.005	0.009
60.403	0.149	0.005	0.009
60.470	0.133	0.005	0.009
60.537	0.102	0.005	0.009
60.603	0.059	0.005	0.009
60.670	0.012	0.005	0.009
60.737	-0.039	0.005	0.009
60.803	-0.084	0.005	0.009
60.870	-0.120	0.005	0.009
60.937	-0.141	0.005	0.009
61.003	-0.147	0.005	0.009
61.070	-0.134	0.005	0.009
61.137	-0.109	0.005	0.009
61.203	-0.071	0.005	0.009
61.270	-0.025	0.005	0.009
61.337	0.025	0.005	0.009
61.403	0.073	0.005	0.009
61.470	0.111	0.005	0.009
61.537	0.135	0.005	0.009
61.603	0.151	0.005	0.009
61.670	0.148	0.005	0.009
61.737	0.128	0.005	0.009
61.803	0.095	0.005	0.009
61.870	0.051	0.005	0.009
61.937	0.004	0.005	0.009
62.003	-0.045	0.005	0.009
62.070	-0.088	0.005	0.009
62.137	-0.121	0.005	0.009
62.203	-0.141	0.005	0.009
62.270	-0.143	0.005	0.009
62.337	-0.130	0.005	0.009
62.403	-0.103	0.005	0.009
62.470	-0.064	0.005	0.009
62.537	-0.015	0.005	0.009
62.603	0.033	0.005	0.009
62.670	0.078	0.005	0.009
62.737	0.098	0.005	0.009
62.803	0.141	0.005	0.009
62.870	0.149	0.005	0.009
62.937	0.144	0.005	0.009
63.003	0.122	0.005	0.009
63.070	0.087	0.005	0.009
63.137	0.043	0.005	0.009
63.203	-0.005	0.005	0.009
63.270	-0.052	0.005	0.009
63.337	-0.093	0.005	0.009
63.403	-0.124	0.005	0.009
63.470	-0.140	0.005	0.009
63.537	-0.141	0.005	0.009
63.603	-0.125	0.005	0.009
63.670	-0.095	0.005	0.009
63.737	-0.054	0.005	0.009
63.803	-0.008	0.005	0.009
63.870	0.041	0.005	0.009
63.937	0.084	0.005	0.009
64.003	0.119	0.005	0.009
64.070	0.141	0.005	0.009
64.137	0.149	0.005	0.009
64.203	0.140	0.005	0.009
64.270	0.116	0.005	0.009
64.337	0.079	0.005	0.009
64.403	0.036	0.005	0.009
64.470	-0.013	0.005	0.009
64.537	-0.060	0.005	0.009
64.603	-0.099	0.005	0.009
64.670	-0.127	0.005	0.009
64.737	-0.141	0.005	0.009